  0.00  0.78  0.88  1.24  0.77  1.29  0.15  4.24  3.78  3.71  4.72  3.75  3.66  3.84  3.00  4.02  3.95  4.45  3.49  3.43  4.90  2.80  3.36  4.22  3.44  3.05  3.59  9.79  9.52 10.40 10.14  9.23 10.46 10.28 12.83 12.43 11.37 12.06 12.16 11.77 13.12 11.11  9.12  8.67  9.28  8.46  8.66 10.07 10.51 10.95  9.60  9.26  9.23  2.04  1.52  1.29  0.93  1.75  0.79  1.04  0.28  0.68  1.74  1.40  1.51  1.07  6.57 10.75 10.10 10.11 11.13 11.31 10.92 10.25 11.60  9.29 10.52 10.35 10.61 10.00  8.22  8.27  8.29  8.22  7.98  8.58  7.69  5.06  4.53  3.75  4.27  4.86  4.83  4.45  3.27  4.96  5.17  4.64  8.14  8.88  9.87  9.50  8.40  6.29  7.20  7.06  7.24  6.84  6.08  6.83  6.44  6.44  2.15  1.73  1.82  1.86  2.40  2.26  2.04  2.91  2.23  2.53  2.52  2.78  1.73  1.61  1.74  5.17  7.74  5.07  6.13  6.00  6.57  5.55  6.58  5.33  7.30  2.44  2.14  5.08  8.20  5.61  6.68  4.71  3.92 10.16 10.41 11.66 13.38 13.99 13.83  5.25  5.84  5.53  1.55  1.00  1.72  2.64  2.14  2.29  2.28  2.94 12.47 11.69 13.93 13.72 12.98 12.70 12.19 13.27 13.28 12.69 12.95 12.55 14.20  2.41  2.08  2.19  2.16  2.37  1.61  2.55  1.43  2.33  3.25 14.28 14.27 14.89 14.57  2.90  2.83  2.76  6.98  4.85  4.55  8.85
  0.78  0.00  0.33  1.31  0.28  0.58  0.66  3.88  3.29  3.29  4.30  3.38  3.22  3.61  2.67  3.64  3.50  4.18  3.14  2.99  4.52  2.50  2.94  3.83  3.27  2.66  3.24  9.17  8.92  9.79  9.55  8.64  9.81  9.65 12.22 11.87 10.82 11.47 11.54 11.19 12.54 10.52  8.55  8.09  8.73  7.88  8.07  9.53  9.96 10.38  9.02  8.69  8.65  1.74  1.44  1.02  1.08  1.77  1.12  1.06  1.03  1.43  1.48  1.52  1.59  1.35  6.19 10.08  9.44  9.44 10.47 10.64 10.28  9.58 10.94  8.63  9.86  9.67  9.93  9.33  7.65  7.72  7.78  7.64  7.44  8.08  7.12  4.52  4.05  3.25  3.78  4.32  4.33  3.84  2.78  4.38  4.48  4.13  7.70  8.42  9.37  9.02  7.97  5.71  6.65  6.51  6.68  6.30  5.56  6.21  5.91  5.92  2.23  1.25  2.10  1.88  2.25  2.14  2.29  2.42  1.93  2.27  2.53  2.69  2.22  2.12  2.25  4.85  7.31  4.64  5.69  5.62  6.11  5.21  6.19  4.87  6.82  1.69  1.64  4.45  7.55  5.04  6.19  4.03  3.14  9.46  9.64 10.91 12.75 13.40 13.21  4.76  5.25  5.02  2.30  1.78  2.50  3.42  2.92  3.04  3.06  3.72 11.78 11.00 13.26 13.05 12.29 12.03 11.51 12.58 12.61 12.00 12.27 11.84 13.52  1.68  1.31  1.46  1.38  1.67  0.83  1.79  0.65  1.55  2.62 13.64 13.66 14.27 13.94  3.64  3.54  3.45  6.30  4.10  3.88  8.07
  0.88  0.33  0.00  1.64  0.12  0.42  0.74  3.56  3.00  2.98  3.99  3.06  2.92  3.28  2.34  3.32  3.20  3.85  2.82  2.69  4.20  2.17  2.62  3.52  2.94  2.34  2.91  8.93  8.67  9.55  9.30  8.39  9.59  9.42 11.98 11.61 10.55 11.22 11.31 10.94 12.29 10.27  8.29  7.83  8.47  7.63  7.82  9.26  9.69 10.12  8.77  8.43  8.39  1.41  1.13  0.69  0.85  1.47  0.96  0.79  1.07  1.57  1.15  1.25  1.30  1.14  5.88  9.87  9.23  9.24 10.26 10.43 10.06  9.37 10.73  8.42  9.65  9.47  9.73  9.12  7.39  7.45  7.50  7.38  7.17  7.79  6.86  4.24  3.76  2.96  3.48  4.04  4.04  3.59  2.48  4.12  4.29  3.84  7.40  8.12  9.09  8.73  7.66  5.46  6.38  6.24  6.42  6.03  5.28  5.98  5.63  5.64  1.93  0.94  1.85  1.57  1.91  1.81  2.03  2.13  1.60  1.94  2.21  2.36  2.04  1.96  2.09  4.53  7.01  4.33  5.38  5.31  5.81  4.89  5.88  4.57  6.53  1.80  1.92  4.63  7.71  5.25  6.43  4.18  3.08  9.28  9.54 10.78 12.52 13.15 12.97  4.47  5.00  4.74  2.43  1.86  2.55  3.44  2.94  3.03  3.12  3.78 11.59 10.81 13.06 12.84 12.10 11.82 11.31 12.39 12.41 11.81 12.07 11.67 13.32  1.54  1.24  1.31  1.37  1.49  0.92  1.69  0.72  1.53  2.39 13.41 13.42 14.03 13.71  3.79  3.71  3.64  6.10  3.97  3.67  7.99
  1.24  1.31  1.64  0.00  1.55  1.84  1.30  5.19  4.59  4.60  5.60  4.69  4.53  4.90  3.98  4.95  4.81  5.48  4.46  4.30  5.83  3.80  4.25  5.15  4.54  3.97  4.55 10.33 10.11 10.97 10.75  9.84 10.95 10.82 13.40 13.09 12.05 12.68 12.70 12.40 13.74 11.73  9.77  9.31  9.97  9.10  9.27 10.77 11.20 11.60 10.24  9.92  9.87  3.04  2.65  2.29  2.12  2.93  2.02  2.19  1.46  1.27  2.76  2.60  2.70  2.30  7.50 11.19 10.56 10.54 11.58 11.74 11.43 10.69 12.07  9.75 10.97 10.74 11.03 10.44  8.88  8.96  9.06  8.86  8.69  9.36  8.36  5.78  5.34  4.54  5.07  5.58  5.62  5.06  4.08  5.63  5.60  5.41  8.99  9.71 10.65 10.30  9.27  6.94  7.90  7.76  7.93  7.56  6.83  7.40  7.17  7.20  3.36  2.57  3.06  3.04  3.51  3.38  3.28  3.73  3.23  3.57  3.71  3.92  2.94  2.81  2.94  6.16  8.61  5.94  6.99  6.93  7.40  6.52  7.50  6.17  8.10  2.19  1.33  4.29  7.38  4.70  5.62  4.04  3.97 10.50 10.44 11.81 13.91 14.59 14.38  6.05  6.47  6.30  1.85  1.71  2.35  3.29  2.83  3.11  2.84  3.41 12.85 12.04 14.34 14.13 13.35 13.12 12.60 13.64 13.71 13.06 13.36 12.85 14.58  2.79  2.34  2.59  2.27  2.83  1.69  2.79  1.63  2.42  3.84 14.79 14.83 15.43 15.08  2.96  2.79  2.65  7.39  5.05  5.03  8.83
  0.77  0.28  0.12  1.55  0.00  0.54  0.62  3.66  3.11  3.08  4.09  3.16  3.02  3.36  2.43  3.42  3.30  3.93  2.91  2.79  4.30  2.25  2.73  3.62  3.00  2.44  3.01  9.05  8.79  9.66  9.42  8.51  9.71  9.54 12.10 11.72 10.67 11.34 11.42 11.05 12.40 10.39  8.40  7.95  8.58  7.74  7.94  9.37  9.81 10.24  8.88  8.55  8.51  1.49  1.16  0.75  0.82  1.49  0.90  0.78  0.96  1.45  1.22  1.25  1.31  1.11  5.98  9.99  9.35  9.36 10.38 10.55 10.17  9.49 10.85  8.54  9.77  9.59  9.85  9.24  7.51  7.57  7.61  7.50  7.29  7.90  6.98  4.36  3.86  3.07  3.60  4.16  4.15  3.71  2.59  4.24  4.41  3.95  7.50  8.23  9.20  8.84  7.77  5.57  6.49  6.35  6.53  6.15  5.39  6.10  5.75  5.76  1.95  1.05  1.84  1.60  1.98  1.87  2.02  2.24  1.68  2.02  2.25  2.41  1.99  1.90  2.03  4.62  7.11  4.44  5.49  5.41  5.92  4.98  5.98  4.68  6.64  1.86  1.91  4.67  7.76  5.28  6.45  4.23  3.18  9.40  9.66 10.89 12.64 13.27 13.09  4.58  5.11  4.85  2.31  1.75  2.44  3.33  2.84  2.93  3.01  3.67 11.71 10.93 13.18 12.96 12.22 11.94 11.43 12.51 12.53 11.93 12.19 11.79 13.44  1.65  1.34  1.42  1.46  1.61  0.98  1.80  0.79  1.63  2.51 13.53 13.54 14.15 13.83  3.67  3.59  3.52  6.22  4.09  3.79  8.10
  1.29  0.58  0.42  1.84  0.54  0.00  1.15  3.39  2.74  2.77  3.77  2.89  2.70  3.19  2.21  3.13  2.97  3.73  2.67  2.47  4.01  2.07  2.42  3.33  2.90  2.16  2.76  8.58  8.33  9.20  8.96  8.05  9.23  9.07 11.64 11.29 10.24 10.89 10.95 10.61 11.96  9.94  7.97  7.51  8.16  7.30  7.49  8.95  9.38  9.80  8.44  8.11  8.07  1.35  1.29  0.81  1.18  1.64  1.34  1.08  1.49  1.97  1.17  1.50  1.52  1.48  5.67  9.50  8.86  8.86  9.89 10.06  9.70  9.00 10.36  8.05  9.27  9.09  9.35  8.75  7.08  7.14  7.22  7.06  6.87  7.52  6.55  3.95  3.50  2.69  3.22  3.75  3.78  3.26  2.23  3.80  3.90  3.57  7.15  7.87  8.81  8.46  7.42  5.13  6.08  5.93  6.11  5.73  4.99  5.63  5.33  5.36  2.09  0.79  2.12  1.72  1.93  1.86  2.27  1.89  1.53  1.88  2.31  2.38  2.39  2.32  2.44  4.37  6.77  4.11  5.14  5.11  5.56  4.71  5.67  4.33  6.26  1.47  1.82  4.34  7.40  5.00  6.23  3.86  2.65  8.89  9.12 10.36 12.17 12.81 12.63  4.21  4.67  4.46  2.84  2.28  2.98  3.86  3.37  3.44  3.54  4.20 11.21 10.42 12.68 12.47 11.71 11.45 10.93 12.00 12.03 11.42 11.69 11.27 12.94  1.12  0.82  0.89  0.97  1.09  0.62  1.27  0.46  1.13  2.04 13.06 13.08 13.68 13.35  4.19  4.10  4.02  5.72  3.56  3.30  7.57
  0.15  0.66  0.74  1.30  0.62  1.15  0.00  4.11  3.64  3.57  4.58  3.62  3.52  3.72  2.87  3.88  3.81  4.32  3.35  3.29  4.77  2.67  3.22  4.09  3.32  2.92  3.46  9.65  9.38 10.25 10.00  9.09 10.31 10.13 12.69 12.29 11.23 11.91 12.02 11.63 12.98 10.97  8.97  8.52  9.14  8.32  8.52  9.93 10.37 10.80  9.45  9.12  9.08  1.91  1.40  1.15  0.83  1.65  0.73  0.93  0.37  0.83  1.60  1.31  1.42  1.01  6.44 10.60  9.96  9.97 10.99 11.16 10.77 10.10 11.45  9.14 10.37 10.20 10.46  9.85  8.08  8.13  8.15  8.08  7.84  8.44  7.54  4.91  4.39  3.61  4.13  4.72  4.69  4.30  3.13  4.81  5.02  4.50  8.00  8.74  9.73  9.36  8.26  6.15  7.05  6.91  7.09  6.70  5.94  6.69  6.30  6.30  2.07  1.58  1.77  1.77  2.29  2.15  1.99  2.77  2.10  2.41  2.43  2.68  1.73  1.61  1.75  5.05  7.61  4.94  5.99  5.87  6.43  5.42  6.45  5.19  7.16  2.34  2.10  5.02  8.14  5.57  6.65  4.64  3.79 10.02 10.27 11.52 13.23 13.85 13.68  5.11  5.70  5.39  1.69  1.13  1.84  2.75  2.25  2.39  2.41  3.06 12.32 11.55 13.79 13.57 12.83 12.55 12.04 13.12 13.14 12.55 12.80 12.41 14.05  2.27  1.95  2.05  2.04  2.23  1.49  2.41  1.31  2.21  3.11 14.13 14.13 14.74 14.43  3.05  2.97  2.90  6.84  4.71  4.40  8.71
  4.24  3.88  3.56  5.19  3.66  3.39  4.11  0.00  0.90  0.66  0.59  0.50  0.74  0.76  1.24  0.26  0.62  0.61  0.76  0.95  0.66  1.44  0.97  0.17  1.21  1.23  0.65  6.10  5.73  6.59  6.28  5.39  6.85  6.54  8.98  8.42  7.34  8.11  8.39  7.83  9.16  7.20  5.18  4.78  5.28  4.61  4.86  6.03  6.49  6.96  5.67  5.32  5.33  2.20  2.78  2.96  3.38  2.69  3.61  3.23  4.24  4.84  2.51  3.04  2.93  3.42  2.33  7.23  6.59  6.67  7.61  7.81  7.24  6.76  7.97  5.80  7.00  6.98  7.15  6.53  4.32  4.32  4.19  4.38  4.00  4.44  3.79  1.45  0.81  0.99  0.83  1.38  1.02  1.68  1.26  1.62  2.67  1.01  3.93  4.68  5.71  5.34  4.17  2.61  3.26  3.14  3.32  2.90  2.13  3.32  2.53  2.44  2.55  2.63  3.13  2.60  1.95  2.11  3.02  1.54  2.01  1.73  2.19  1.78  3.74  3.82  3.84  0.99  3.52  0.93  1.95  1.76  2.40  1.33  2.34  1.22  3.17  4.17  5.06  6.64  9.21  7.45  8.84  6.03  3.56  6.96  8.12  8.89  9.57 10.06  9.98  1.30  2.34  1.63  5.55  4.90  5.33  5.86  5.49  5.31  5.78  6.36  9.02  8.36 10.38 10.17  9.54  9.15  8.68  9.85  9.71  9.29  9.41  9.33 10.69  2.90  3.30  2.96  3.53  2.75  3.80  3.13  3.74  3.52  1.93 10.50 10.41 11.04 10.80  6.83  6.83  6.82  3.97  3.38  2.23  6.90
  3.78  3.29  3.00  4.59  3.11  2.74  3.64  0.90  0.00  0.35  1.06  0.65  0.31  1.34  1.03  0.67  0.29  1.49  0.79  0.41  1.36  1.22  0.52  0.76  1.58  0.82  0.73  6.14  5.82  6.70  6.42  5.51  6.85  6.60  9.13  8.67  7.61  8.31  8.49  8.03  9.37  7.38  5.36  4.93  5.52  4.73  4.95  6.30  6.74  7.19  5.85  5.51  5.49  1.80  2.46  2.50  3.02  2.49  3.27  2.85  3.84  4.43  2.11  2.79  2.68  3.14  2.96  7.19  6.54  6.59  7.57  7.76  7.28  6.70  7.99  5.73  6.96  6.87  7.08  6.46  4.47  4.51  4.51  4.49  4.21  4.80  3.94  1.31  0.76  0.09  0.49  1.14  1.05  1.04  0.51  1.30  2.07  0.86  4.41  5.13  6.09  5.73  4.68  2.58  3.43  3.29  3.47  3.07  2.30  3.21  2.67  2.66  2.51  2.06  3.05  2.42  1.81  1.96  3.00  0.87  1.65  1.50  2.24  1.87  3.66  3.71  3.75  1.81  4.03  1.37  2.40  2.40  2.82  2.09  2.94  1.59  3.53  3.33  4.29  5.74  8.32  6.55  7.95  5.13  2.66  6.78  7.66  8.58  9.69 10.26 10.12  1.48  2.18  1.76  5.21  4.56  5.09  5.74  5.32  5.20  5.59  6.21  8.96  8.25 10.38 10.16  9.48  9.13  8.64  9.78  9.71  9.21  9.39  9.18 10.67  2.08  2.51  2.18  2.73  1.94  3.07  2.29  3.04  2.69  1.04 10.61 10.56 11.19 10.90  6.54  6.51  6.48  3.65  2.59  1.51  6.34
  3.71  3.29  2.98  4.60  3.08  2.77  3.57  0.66  0.35  0.00  1.01  0.30  0.08  0.99  0.80  0.40  0.27  1.20  0.46  0.30  1.24  1.00  0.35  0.57  1.23  0.66  0.38  6.34  6.00  6.87  6.58  5.68  7.06  6.79  9.29  8.80  7.73  8.46  8.67  8.17  9.51  7.53  5.51  5.08  5.64  4.90  5.13  6.41  6.87  7.32  6.00  5.65  5.64  1.68  2.31  2.43  2.90  2.30  3.14  2.74  3.74  4.34  2.00  2.62  2.51  2.99  2.91  7.41  6.77  6.82  7.80  7.99  7.48  6.93  8.19  5.96  7.18  7.11  7.31  6.69  4.62  4.65  4.60  4.65  4.34  4.88  4.09  1.51  0.87  0.43  0.67  1.36  1.17  1.37  0.60  1.56  2.41  1.03  4.43  5.17  6.16  5.80  4.69  2.78  3.57  3.44  3.62  3.21  2.43  3.44  2.81  2.77  2.27  2.04  2.83  2.22  1.58  1.74  2.75  0.89  1.51  1.30  1.97  1.58  3.44  3.50  3.53  1.64  4.04  1.36  2.42  2.34  2.86  1.96  2.90  1.62  3.60  3.50  4.41  6.00  8.63  6.80  8.20  5.40  2.97  7.04  7.99  8.88  9.87 10.40 10.29  1.58  2.42  1.88  5.10  4.44  4.93  5.54  5.13  4.99  5.41  6.02  9.19  8.49 10.59 10.38  9.71  9.35  8.87 10.01  9.92  9.45  9.61  9.44 10.89  2.24  2.64  2.30  2.87  2.08  3.15  2.47  3.11  2.86  1.30 10.79 10.73 11.36 11.09  6.40  6.39  6.37  3.94  2.94  1.86  6.68
  4.72  4.30  3.99  5.60  4.09  3.77  4.58  0.59  1.06  1.01  0.00  1.00  1.07  1.33  1.75  0.72  0.80  1.00  1.28  1.30  0.35  1.95  1.37  0.52  1.80  1.67  1.17  5.52  5.14  6.00  5.70  4.81  6.26  5.95  8.40  7.85  6.78  7.54  7.81  7.26  8.59  6.62  4.60  4.20  4.71  4.03  4.27  5.46  5.92  6.39  5.09  4.74  4.75  2.68  3.29  3.43  3.89  3.24  4.12  3.73  4.74  5.34  2.99  3.58  3.46  3.95  1.91  6.64  6.01  6.09  7.02  7.22  6.65  6.18  7.38  5.22  6.42  6.40  6.56  5.95  3.73  3.74  3.63  3.79  3.42  3.90  3.21  0.95  0.48  1.13  0.69  0.94  0.53  1.44  1.55  1.19  2.32  0.62  3.42  4.16  5.18  4.80  3.68  2.04  2.67  2.55  2.73  2.32  1.54  2.75  1.94  1.86  3.12  3.05  3.70  3.15  2.49  2.65  3.59  1.88  2.50  2.25  2.77  2.36  4.32  4.39  4.41  0.85  3.03  0.36  1.42  1.34  1.86  1.06  1.90  0.64  2.62  4.38  5.35  6.69  9.12  7.50  8.92  6.07  3.53  6.39  7.62  8.35  8.99  9.48  9.40  0.72  1.80  1.05  6.08  5.42  5.88  6.43  6.05  5.88  6.34  6.93  8.43  7.78  9.80  9.58  8.96  8.56  8.09  9.26  9.12  8.71  8.82  8.75 10.11  3.14  3.57  3.24  3.78  3.00  4.12  3.34  4.09  3.75  2.07  9.92  9.83 10.46 10.22  7.37  7.36  7.35  3.45  3.16  1.99  6.46
  3.75  3.38  3.06  4.69  3.16  2.89  3.62  0.50  0.65  0.30  1.00  0.00  0.37  0.69  0.75  0.27  0.48  0.94  0.28  0.51  1.15  0.96  0.50  0.48  0.97  0.73  0.17  6.46  6.10  6.97  6.67  5.77  7.19  6.90  9.38  8.85  7.78  8.53  8.77  8.24  9.58  7.60  5.58  5.17  5.70  4.99  5.23  6.46  6.92  7.38  6.07  5.73  5.72  1.71  2.30  2.47  2.90  2.24  3.13  2.74  3.76  4.35  2.02  2.58  2.46  2.96  2.82  7.55  6.91  6.98  7.94  8.13  7.59  7.08  8.32  6.11  7.33  7.27  7.46  6.84  4.71  4.72  4.63  4.75  4.41  4.89  4.18  1.67  1.01  0.74  0.87  1.55  1.29  1.65  0.84  1.76  2.68  1.19  4.40  5.15  6.17  5.80  4.66  2.92  3.65  3.52  3.70  3.29  2.50  3.60  2.90  2.84  2.14  2.13  2.72  2.15  1.50  1.66  2.62  1.06  1.52  1.25  1.81  1.41  3.33  3.40  3.43  1.48  4.00  1.36  2.41  2.26  2.86  1.83  2.83  1.64  3.62  3.72  4.58  6.27  8.93  7.07  8.46  5.67  3.27  7.22  8.24  9.09  9.96 10.47 10.38  1.66  2.59  1.97  5.08  4.43  4.88  5.44  5.06  4.89  5.34  5.94  9.34  8.66 10.73 10.51  9.86  9.49  9.01 10.16 10.05  9.60  9.75  9.61 11.03  2.46  2.83  2.50  3.08  2.29  3.32  2.70  3.25  3.08  1.58 10.88 10.81 11.44 11.18  6.37  6.37  6.35  4.15  3.24  2.15  6.95
  3.66  3.22  2.92  4.53  3.02  2.70  3.52  0.74  0.31  0.08  1.07  0.37  0.00  1.05  0.77  0.48  0.30  1.28  0.48  0.23  1.31  0.98  0.30  0.64  1.26  0.62  0.42  6.36  6.03  6.90  6.61  5.71  7.08  6.82  9.32  8.83  7.77  8.49  8.69  8.21  9.55  7.56  5.54  5.11  5.68  4.93  5.15  6.45  6.90  7.36  6.03  5.69  5.67  1.64  2.27  2.37  2.86  2.27  3.10  2.69  3.69  4.29  1.95  2.59  2.48  2.95  2.97  7.43  6.78  6.84  7.81  8.00  7.50  6.94  8.21  5.97  7.20  7.12  7.32  6.70  4.65  4.68  4.65  4.68  4.38  4.92  4.12  1.53  0.90  0.38  0.69  1.37  1.21  1.34  0.52  1.56  2.38  1.05  4.49  5.22  6.21  5.85  4.75  2.80  3.60  3.47  3.65  3.25  2.46  3.45  2.85  2.81  2.25  1.98  2.81  2.20  1.56  1.72  2.74  0.82  1.47  1.27  1.96  1.58  3.42  3.47  3.51  1.71  4.09  1.42  2.48  2.40  2.91  2.03  2.97  1.67  3.65  3.43  4.33  5.93  8.56  6.73  8.12  5.32  2.90  7.05  7.97  8.87  9.89 10.44 10.32  1.62  2.43  1.92  5.05  4.40  4.90  5.51  5.11  4.97  5.38  5.99  9.20  8.50 10.61 10.39  9.73  9.37  8.88 10.03  9.94  9.46  9.63  9.44 10.91  2.16  2.56  2.23  2.79  2.01  3.08  2.39  3.04  2.78  1.22 10.81 10.76 11.39 11.11  6.36  6.35  6.32  3.93  2.89  1.82  6.65
  3.84  3.61  3.28  4.90  3.36  3.19  3.72  0.76  1.34  0.99  1.33  0.69  1.05  0.00  0.99  0.78  1.14  0.61  0.65  1.13  1.30  1.12  1.07  0.88  0.49  1.14  0.65  6.84  6.45  7.30  6.99  6.11  7.59  7.26  9.68  9.08  8.00  8.80  9.10  8.51  9.83  7.89  5.88  5.50  5.96  5.33  5.59  6.69  7.15  7.63  6.37  6.02  6.03  1.87  2.33  2.62  2.93  2.17  3.14  2.80  3.80  4.39  2.14  2.54  2.41  2.92  2.83  7.97  7.34  7.42  8.35  8.55  7.97  7.51  8.71  6.56  7.75  7.73  7.90  7.28  5.03  5.02  4.84  5.10  4.70  5.08  4.51  2.20  1.54  1.42  1.49  2.11  1.78  2.31  1.45  2.35  3.34  1.74  4.50  5.26  6.32  5.94  4.73  3.37  3.97  3.86  4.04  3.63  2.86  4.08  3.26  3.15  1.94  2.40  2.51  2.06  1.44  1.59  2.37  1.57  1.68  1.34  1.54  1.15  3.11  3.20  3.20  1.39  4.08  1.65  2.61  2.30  3.05  1.77  2.87  1.94  3.82  4.20  4.96  6.86  9.58  7.64  9.01  6.27  3.92  7.72  8.85  9.65 10.28 10.73 10.67  2.06  3.10  2.38  5.04  4.39  4.76  5.21  4.87  4.66  5.17  5.72  9.76  9.12 11.12 10.90 10.29  9.88  9.42 10.59 10.44 10.04 10.15 10.08 11.43  2.96  3.28  2.97  3.54  2.79  3.69  3.23  3.60  3.57  2.21 11.21 11.10 11.74 11.51  6.26  6.29  6.29  4.72  3.93  2.83  7.60
  3.00  2.67  2.34  3.98  2.43  2.21  2.87  1.24  1.03  0.80  1.75  0.75  0.77  0.99  0.00  1.03  1.06  1.52  0.49  0.62  1.90  0.21  0.50  1.23  0.86  0.27  0.59  7.13  6.80  7.67  7.38  6.47  7.85  7.59 10.09  9.58  8.51  9.25  9.46  8.96 10.30  8.32  6.30  5.88  6.43  5.69  5.92  7.19  7.65  8.11  6.79  6.44  6.43  0.96  1.54  1.72  2.15  1.51  2.38  1.99  3.00  3.60  1.26  1.84  1.72  2.21  3.57  8.20  7.55  7.61  8.58  8.78  8.27  7.71  8.99  6.75  7.97  7.89  8.10  7.47  5.42  5.44  5.37  5.45  5.13  5.64  4.88  2.30  1.67  1.05  1.46  2.14  1.97  2.03  0.75  2.32  3.04  1.82  5.16  5.91  6.92  6.55  5.41  3.58  4.36  4.23  4.41  4.00  3.22  4.22  3.61  3.56  1.48  1.43  2.04  1.43  0.79  0.94  1.97  0.67  0.77  0.51  1.22  0.87  2.65  2.70  2.74  2.19  4.75  2.11  3.16  3.01  3.61  2.55  3.58  2.38  4.36  3.22  3.97  5.93  8.73  6.70  8.05  5.35  3.14  7.81  8.65  9.61 10.66 11.19 11.08  2.37  3.20  2.68  4.33  3.68  4.15  4.74  4.34  4.20  4.62  5.23  9.98  9.27 11.39 11.17 10.50 10.14  9.66 10.80 10.71 10.23 10.40 10.21 11.68  2.00  2.30  1.98  2.55  1.82  2.70  2.28  2.61  2.59  1.44 11.58 11.52 12.15 11.88  5.62  5.62  5.60  4.67  3.37  2.43  7.29
  4.02  3.64  3.32  4.95  3.42  3.13  3.88  0.26  0.67  0.40  0.72  0.27  0.48  0.78  1.03  0.00  0.40  0.82  0.56  0.69  0.88  1.23  0.71  0.21  1.16  0.98  0.45  6.20  5.84  6.71  6.41  5.51  6.94  6.65  9.11  8.58  7.50  8.26  8.51  7.97  9.31  7.34  5.32  4.91  5.43  4.73  4.97  6.19  6.64  7.11  5.81  5.46  5.46  1.98  2.57  2.73  3.17  2.51  3.41  3.02  4.03  4.63  2.29  2.85  2.74  3.23  2.56  7.31  6.67  6.74  7.69  7.89  7.34  6.83  8.07  5.87  7.08  7.04  7.22  6.60  4.44  4.45  4.36  4.49  4.14  4.62  3.91  1.45  0.79  0.76  0.71  1.35  1.05  1.55  1.00  1.58  2.57  0.98  4.13  4.88  5.90  5.53  4.39  2.68  3.38  3.26  3.44  3.03  2.24  3.37  2.64  2.57  2.41  2.38  2.99  2.42  1.77  1.93  2.88  1.28  1.79  1.53  2.06  1.66  3.60  3.67  3.69  1.25  3.73  1.08  2.14  1.99  2.58  1.58  2.56  1.37  3.34  3.90  4.80  6.39  8.99  7.20  8.59  5.78  3.33  7.00  8.08  8.90  9.70 10.20 10.11  1.40  2.37  1.72  5.36  4.70  5.16  5.71  5.33  5.16  5.61  6.21  9.09  8.42 10.48 10.26  9.62  9.24  8.76  9.92  9.80  9.36  9.50  9.38 10.78  2.64  3.03  2.70  3.27  2.48  3.54  2.87  3.49  3.26  1.68 10.62 10.54 11.18 10.92  6.64  6.64  6.63  3.96  3.21  2.08  6.82
  3.95  3.50  3.20  4.81  3.30  2.97  3.81  0.62  0.29  0.27  0.80  0.48  0.30  1.14  1.06  0.40  0.00  1.22  0.71  0.52  1.08  1.27  0.60  0.47  1.45  0.92  0.61  6.07  5.73  6.60  6.32  5.41  6.79  6.52  9.03  8.54  7.47  8.20  8.40  7.91  9.25  7.26  5.24  4.82  5.38  4.63  4.86  6.15  6.61  7.06  5.73  5.39  5.37  1.93  2.57  2.67  3.15  2.57  3.40  2.99  3.99  4.58  2.25  2.89  2.77  3.25  2.71  7.14  6.50  6.56  7.53  7.72  7.21  6.66  7.93  5.69  6.92  6.84  7.04  6.42  4.36  4.39  4.35  4.39  4.08  4.63  3.82  1.24  0.61  0.38  0.41  1.10  0.91  1.17  0.74  1.30  2.21  0.76  4.20  4.93  5.92  5.55  4.47  2.51  3.30  3.17  3.35  2.95  2.16  3.17  2.55  2.51  2.53  2.26  3.10  2.49  1.85  2.01  3.02  1.08  1.77  1.57  2.23  1.84  3.71  3.77  3.80  1.53  3.81  1.14  2.19  2.15  2.62  1.82  2.70  1.38  3.35  3.61  4.56  6.03  8.60  6.84  8.24  5.42  2.94  6.78  7.76  8.63  9.60 10.14 10.02  1.32  2.15  1.62  5.35  4.70  5.20  5.81  5.40  5.26  5.68  6.29  8.92  8.23 10.33 10.11  9.44  9.08  8.60  9.75  9.65  9.18  9.34  9.17 10.62  2.35  2.77  2.44  3.00  2.21  3.32  2.57  3.28  2.97  1.33 10.52 10.46 11.09 10.82  6.66  6.65  6.62  3.69  2.81  1.69  6.47
  4.45  4.18  3.85  5.48  3.93  3.73  4.32  0.61  1.49  1.20  1.00  0.94  1.28  0.61  1.52  0.82  1.22  0.00  1.08  1.44  0.83  1.68  1.43  0.78  1.09  1.60  1.01  6.37  5.96  6.80  6.48  5.61  7.13  6.78  9.16  8.52  7.45  8.25  8.60  7.97  9.28  7.36  5.36  5.00  5.42  4.85  5.11  6.13  6.60  7.09  5.84  5.50  5.52  2.45  2.93  3.20  3.54  2.78  3.75  3.41  4.41  5.00  2.73  3.15  3.03  3.53  2.23  7.53  6.90  7.00  7.90  8.10  7.49  7.07  8.23  6.13  7.31  7.32  7.46  6.85  4.53  4.50  4.28  4.62  4.18  4.51  4.03  1.95  1.37  1.58  1.43  1.92  1.52  2.29  1.77  2.16  3.26  1.56  3.91  4.67  5.74  5.36  4.13  2.99  3.49  3.39  3.56  3.15  2.42  3.71  2.81  2.68  2.54  2.95  3.12  2.67  2.05  2.21  2.96  1.99  2.26  1.92  2.14  1.76  3.70  3.80  3.79  0.79  3.49  1.23  2.07  1.71  2.50  1.17  2.27  1.50  3.27  4.65  5.48  7.20  9.81  8.00  9.39  6.60  4.16  7.34  8.62  9.32  9.76 10.19 10.14  1.69  2.79  1.99  5.65  5.00  5.36  5.80  5.46  5.24  5.77  6.31  9.31  8.70 10.65 10.43  9.84  9.42  8.96 10.14  9.97  9.60  9.68  9.67 10.96  3.39  3.75  3.42  4.00  3.22  4.20  3.64  4.13  4.00  2.50 10.69 10.56 11.21 10.99  6.87  6.90  6.90  4.45  3.99  2.84  7.45
  3.49  3.14  2.82  4.46  2.91  2.67  3.35  0.76  0.79  0.46  1.28  0.28  0.48  0.65  0.49  0.56  0.71  1.08  0.00  0.49  1.42  0.69  0.42  0.76  0.78  0.53  0.11  6.74  6.39  7.25  6.95  6.06  7.47  7.18  9.66  9.13  8.06  8.81  9.05  8.53  9.86  7.89  5.87  5.45  5.98  5.28  5.51  6.74  7.20  7.67  6.36  6.01  6.01  1.44  2.02  2.21  2.63  1.95  2.86  2.47  3.49  4.08  1.75  2.30  2.18  2.67  3.09  7.83  7.18  7.25  8.21  8.40  7.87  7.35  8.60  6.38  7.60  7.54  7.73  7.11  4.99  5.00  4.91  5.03  4.69  5.18  4.46  1.94  1.28  0.86  1.11  1.80  1.56  1.83  0.80  2.00  2.86  1.45  4.68  5.43  6.45  6.08  4.93  3.19  3.93  3.80  3.98  3.57  2.79  3.86  3.18  3.12  1.86  1.90  2.44  1.87  1.21  1.37  2.34  0.93  1.26  0.97  1.54  1.14  3.05  3.12  3.14  1.71  4.27  1.64  2.69  2.52  3.14  2.07  3.10  1.92  3.90  3.59  4.40  6.21  8.92  6.99  8.37  5.61  3.28  7.48  8.45  9.33 10.24 10.76 10.66  1.94  2.85  2.26  4.80  4.15  4.60  5.16  4.77  4.61  5.06  5.65  9.61  8.92 11.00 10.78 10.13  9.76  9.28 10.44 10.33  9.87 10.02  9.87 11.30  2.33  2.68  2.35  2.93  2.16  3.13  2.59  3.05  2.94  1.56 11.17 11.09 11.73 11.47  6.09  6.08  6.07  4.39  3.34  2.30  7.14
  3.43  2.99  2.69  4.30  2.79  2.47  3.29  0.95  0.41  0.30  1.30  0.51  0.23  1.13  0.62  0.69  0.52  1.44  0.49  0.00  1.54  0.80  0.11  0.86  1.25  0.41  0.48  6.54  6.22  7.09  6.81  5.90  7.26  7.01  9.52  9.04  7.98  8.70  8.89  8.41  9.76  7.76  5.75  5.32  5.89  5.13  5.35  6.67  7.12  7.57  6.23  5.89  5.87  1.42  2.06  2.15  2.64  2.08  2.88  2.47  3.47  4.07  1.73  2.39  2.28  2.74  3.20  7.60  6.95  7.00  7.98  8.18  7.68  7.11  8.40  6.14  7.37  7.28  7.49  6.87  4.86  4.89  4.87  4.88  4.59  5.15  4.32  1.71  1.11  0.44  0.87  1.54  1.41  1.42  0.33  1.71  2.45  1.24  4.71  5.45  6.44  6.07  4.98  2.99  3.81  3.67  3.86  3.45  2.67  3.62  3.05  3.03  2.09  1.75  2.64  2.01  1.40  1.54  2.58  0.59  1.26  1.09  1.83  1.47  3.25  3.30  3.34  1.93  4.32  1.65  2.70  2.63  3.13  2.26  3.20  1.90  3.87  3.22  4.11  5.77  8.45  6.56  7.95  5.17  2.79  7.19  8.05  8.99 10.09 10.64 10.52  1.83  2.60  2.13  4.84  4.19  4.70  5.33  4.91  4.79  5.19  5.80  9.37  8.66 10.79 10.57  9.89  9.54  9.06 10.19 10.12  9.63  9.80  9.59 11.08  1.96  2.35  2.02  2.58  1.80  2.86  2.20  2.81  2.58  1.08 11.01 10.96 11.58 11.30  6.16  6.14  6.11  4.06  2.87  1.86  6.71
  4.90  4.52  4.20  5.83  4.30  4.01  4.77  0.66  1.36  1.24  0.35  1.15  1.31  1.30  1.90  0.88  1.08  0.83  1.42  1.54  0.00  2.10  1.58  0.68  1.79  1.86  1.31  5.56  5.16  6.01  5.69  4.82  6.31  5.97  8.38  7.79  6.71  7.50  7.81  7.22  8.54  6.59  4.58  4.20  4.66  4.04  4.30  5.40  5.86  6.34  5.07  4.72  4.73  2.85  3.43  3.62  4.04  3.35  4.27  3.89  4.90  5.50  3.16  3.70  3.58  4.08  1.68  6.71  6.08  6.17  7.08  7.28  6.68  6.25  7.42  5.31  6.49  6.49  6.64  6.03  3.73  3.72  3.55  3.81  3.40  3.80  3.22  1.22  0.83  1.44  1.03  1.25  0.83  1.78  1.82  1.49  2.64  0.96  3.27  4.02  5.06  4.69  3.52  2.17  2.68  2.58  2.75  2.34  1.60  2.89  1.99  1.87  3.19  3.26  3.77  3.25  2.60  2.76  3.64  2.13  2.67  2.39  2.81  2.41  4.38  4.46  4.47  0.51  2.86  0.41  1.31  1.11  1.76  0.74  1.68  0.68  2.53  4.69  5.64  7.03  9.46  7.84  9.26  6.41  3.88  6.51  7.84  8.51  8.98  9.44  9.37  0.88  2.00  1.17  6.21  5.56  5.98  6.49  6.13  5.93  6.42  7.00  8.49  7.87  9.84  9.62  9.02  8.60  8.15  9.32  9.16  8.78  8.87  8.85 10.15  3.43  3.85  3.52  4.08  3.29  4.39  3.64  4.35  4.05  2.39  9.91  9.80 10.44 10.21  7.48  7.49  7.48  3.66  3.51  2.33  6.72
  2.80  2.50  2.17  3.80  2.25  2.07  2.67  1.44  1.22  1.00  1.95  0.96  0.98  1.12  0.21  1.23  1.27  1.68  0.69  0.80  2.10  0.00  0.70  1.44  0.90  0.41  0.79  7.34  7.00  7.87  7.59  6.68  8.05  7.79 10.29  9.79  8.72  9.46  9.67  9.17 10.51  8.53  6.51  6.09  6.64  5.90  6.13  7.40  7.86  8.32  7.00  6.65  6.64  0.77  1.34  1.53  1.94  1.30  2.17  1.79  2.80  3.40  1.07  1.63  1.51  2.00  3.77  8.40  7.75  7.81  8.78  8.98  8.47  7.91  9.19  6.95  8.17  8.09  8.29  7.67  5.62  5.65  5.58  5.66  5.34  5.85  5.09  2.50  1.88  1.24  1.66  2.34  2.18  2.20  0.89  2.51  3.20  2.03  5.36  6.11  7.13  6.76  5.62  3.78  4.57  4.44  4.62  4.21  3.42  4.42  3.81  3.77  1.29  1.28  1.84  1.22  0.59  0.74  1.78  0.72  0.58  0.30  1.06  0.74  2.44  2.50  2.54  2.37  4.96  2.31  3.37  3.20  3.81  2.74  3.78  2.59  4.57  3.14  3.85  5.90  8.73  6.65  7.99  5.32  3.18  8.00  8.81  9.78 10.87 11.40 11.29  2.57  3.40  2.88  4.12  3.47  3.94  4.54  4.13  3.99  4.41  5.02 10.17  9.47 11.59 11.37 10.70 10.34  9.86 11.00 10.92 10.43 10.60 10.40 11.88  1.95  2.21  1.91  2.47  1.76  2.58  2.23  2.48  2.52  1.51 11.79 11.73 12.36 12.09  5.41  5.41  5.39  4.85  3.48  2.58  7.43
  3.36  2.94  2.62  4.25  2.73  2.42  3.22  0.97  0.52  0.35  1.37  0.50  0.30  1.07  0.50  0.71  0.60  1.43  0.42  0.11  1.58  0.70  0.00  0.90  1.16  0.32  0.43  6.65  6.32  7.19  6.91  6.00  7.36  7.11  9.62  9.14  8.07  8.79  8.99  8.51  9.85  7.86  5.84  5.41  5.98  5.22  5.45  6.75  7.21  7.66  6.33  5.99  5.97  1.33  1.97  2.07  2.55  1.98  2.80  2.39  3.39  3.99  1.65  2.29  2.18  2.65  3.26  7.71  7.06  7.11  8.09  8.28  7.79  7.22  8.50  6.25  7.48  7.39  7.60  6.98  4.95  4.98  4.95  4.98  4.68  5.23  4.42  1.81  1.20  0.55  0.97  1.65  1.51  1.54  0.38  1.82  2.56  1.34  4.78  5.52  6.52  6.15  5.05  3.09  3.90  3.77  3.95  3.55  2.76  3.73  3.15  3.11  1.98  1.68  2.53  1.91  1.29  1.44  2.47  0.57  1.16  0.98  1.72  1.35  3.14  3.19  3.23  1.96  4.39  1.72  2.78  2.69  3.21  2.29  3.25  1.97  3.95  3.22  4.09  5.81  8.51  6.59  7.97  5.21  2.86  7.30  8.16  9.10 10.19 10.74 10.62  1.92  2.70  2.22  4.75  4.10  4.60  5.23  4.81  4.69  5.09  5.70  9.48  8.77 10.89 10.68 10.00  9.65  9.16 10.30 10.22  9.73  9.91  9.70 11.19  1.96  2.34  2.01  2.58  1.80  2.83  2.21  2.77  2.58  1.14 11.11 11.05 11.68 11.40  6.06  6.05  6.02  4.17  2.96  1.96  6.82
  4.22  3.83  3.52  5.15  3.62  3.33  4.09  0.17  0.76  0.57  0.52  0.48  0.64  0.88  1.23  0.21  0.47  0.78  0.76  0.86  0.68  1.44  0.90  0.00  1.31  1.18  0.65  6.02  5.66  6.52  6.22  5.32  6.76  6.46  8.92  8.38  7.30  8.06  8.32  7.78  9.11  7.14  5.12  4.72  5.23  4.54  4.79  5.99  6.45  6.91  5.61  5.27  5.26  2.18  2.78  2.94  3.38  2.71  3.61  3.22  4.23  4.83  2.49  3.06  2.94  3.44  2.36  7.14  6.50  6.57  7.52  7.71  7.16  6.66  7.89  5.71  6.91  6.87  7.05  6.43  4.25  4.26  4.15  4.30  3.94  4.42  3.72  1.32  0.66  0.85  0.66  1.23  0.90  1.52  1.16  1.47  2.51  0.86  3.93  4.67  5.69  5.32  4.18  2.51  3.19  3.07  3.25  2.84  2.05  3.21  2.45  2.38  2.60  2.58  3.18  2.62  1.97  2.13  3.07  1.45  2.00  1.73  2.25  1.84  3.79  3.87  3.89  1.08  3.52  0.88  1.93  1.79  2.38  1.40  2.36  1.17  3.14  4.06  4.97  6.50  9.05  7.31  8.71  5.89  3.41  6.85  7.97  8.76  9.51 10.01  9.92  1.21  2.22  1.54  5.56  4.91  5.36  5.91  5.53  5.35  5.81  6.40  8.92  8.26 10.30 10.08  9.45  9.06  8.59  9.75  9.62  9.19  9.32  9.22 10.61  2.79  3.20  2.87  3.43  2.64  3.72  3.02  3.67  3.42  1.80 10.43 10.35 10.98 10.73  6.85  6.85  6.83  3.84  3.22  2.06  6.75
  3.44  3.27  2.94  4.54  3.00  2.90  3.32  1.21  1.58  1.23  1.80  0.97  1.26  0.49  0.86  1.16  1.45  1.09  0.78  1.25  1.79  0.90  1.16  1.31  0.00  1.09  0.85  7.31  6.93  7.79  7.47  6.59  8.06  7.74 10.17  9.57  8.50  9.29  9.59  9.00 10.32  8.38  6.37  5.98  6.45  5.82  6.06  7.18  7.65  8.13  6.85  6.51  6.52  1.55  1.92  2.25  2.51  1.72  2.71  2.40  3.37  3.95  1.79  2.09  1.97  2.47  3.32  8.44  7.80  7.88  8.82  9.02  8.44  7.97  9.18  7.01  8.21  8.18  8.36  7.74  5.51  5.50  5.33  5.58  5.19  5.57  4.99  2.61  1.94  1.64  1.84  2.50  2.20  2.60  1.52  2.73  3.64  2.13  4.99  5.75  6.82  6.44  5.22  3.82  4.46  4.34  4.52  4.11  3.33  4.52  3.73  3.64  1.45  2.12  2.03  1.61  1.04  1.17  1.88  1.52  1.37  1.02  1.06  0.68  2.62  2.71  2.71  1.87  4.57  2.13  3.10  2.79  3.54  2.26  3.36  2.42  4.31  4.04  4.71  6.79  9.59  7.55  8.89  6.21  3.98  8.15  9.21 10.05 10.76 11.23 11.16  2.51  3.52  2.84  4.57  3.93  4.28  4.72  4.38  4.16  4.68  5.23 10.23  9.57 11.59 11.37 10.75 10.36  9.89 11.05 10.92 10.50 10.62 10.53 11.90  2.84  3.11  2.81  3.37  2.66  3.44  3.12  3.33  3.42  2.26 11.69 11.59 12.23 11.99  5.78  5.81  5.82  5.11  4.12  3.09  7.91
  3.05  2.66  2.34  3.97  2.44  2.16  2.92  1.23  0.82  0.66  1.67  0.73  0.62  1.14  0.27  0.98  0.92  1.60  0.53  0.41  1.86  0.41  0.32  1.18  1.09  0.00  0.60  6.96  6.63  7.51  7.22  6.32  7.67  7.42  9.93  9.45  8.38  9.11  9.30  8.82 10.17  8.17  6.16  5.73  6.30  5.54  5.76  7.07  7.52  7.97  6.65  6.30  6.29  1.02  1.65  1.77  2.24  1.67  2.48  2.07  3.08  3.67  1.33  1.98  1.87  2.33  3.54  8.01  7.36  7.41  8.40  8.59  8.10  7.52  8.81  6.55  7.78  7.69  7.90  7.28  5.27  5.30  5.26  5.29  5.00  5.54  4.73  2.12  1.52  0.83  1.29  1.96  1.82  1.79  0.48  2.12  2.79  1.66  5.09  5.83  6.83  6.46  5.35  3.40  4.22  4.09  4.27  3.86  3.08  4.03  3.46  3.43  1.70  1.40  2.24  1.60  1.00  1.14  2.18  0.44  0.85  0.68  1.47  1.13  2.84  2.88  2.93  2.20  4.69  2.02  3.08  2.97  3.52  2.55  3.54  2.28  4.26  3.07  3.88  5.73  8.50  6.51  7.87  5.14  2.89  7.59  8.40  9.37 10.50 11.05 10.93  2.23  3.01  2.53  4.43  3.78  4.28  4.92  4.50  4.38  4.77  5.39  9.78  9.07 11.20 10.98 10.30  9.96  9.47 10.60 10.53 10.04 10.21 10.00 11.49  1.82  2.15  1.83  2.41  1.65  2.60  2.09  2.53  2.43  1.18 11.42 11.37 12.00 11.72  5.75  5.73  5.70  4.44  3.10  2.18  7.03
  3.59  3.24  2.91  4.55  3.01  2.76  3.46  0.65  0.73  0.38  1.17  0.17  0.42  0.65  0.59  0.45  0.61  1.01  0.11  0.48  1.31  0.79  0.43  0.65  0.85  0.60  0.00  6.63  6.27  7.14  6.84  5.95  7.36  7.07  9.55  9.02  7.95  8.70  8.94  8.42  9.75  7.78  5.76  5.34  5.87  5.16  5.40  6.63  7.09  7.55  6.24  5.90  5.89  1.55  2.13  2.31  2.73  2.07  2.96  2.58  3.59  4.19  1.85  2.41  2.29  2.79  2.98  7.72  7.08  7.14  8.10  8.30  7.76  7.24  8.49  6.28  7.49  7.43  7.62  7.00  4.88  4.89  4.80  4.92  4.58  5.06  4.35  1.83  1.17  0.80  1.02  1.70  1.46  1.75  0.80  1.91  2.79  1.34  4.57  5.32  6.34  5.97  4.82  3.08  3.82  3.69  3.87  3.46  2.67  3.76  3.07  3.01  1.97  1.99  2.55  1.98  1.32  1.48  2.45  0.97  1.36  1.08  1.64  1.24  3.16  3.23  3.26  1.61  4.17  1.53  2.58  2.42  3.03  1.97  2.99  1.81  3.79  3.64  4.47  6.23  8.92  7.02  8.40  5.63  3.27  7.38  8.36  9.24 10.13 10.64 10.55  1.83  2.74  2.14  4.91  4.26  4.71  5.27  4.88  4.72  5.17  5.76  9.50  8.82 10.89 10.68 10.03  9.65  9.17 10.33 10.22  9.77  9.91  9.77 11.20  2.38  2.74  2.41  2.98  2.21  3.20  2.63  3.13  2.99  1.56 11.06 10.98 11.61 11.36  6.20  6.20  6.18  4.30  3.30  2.24  7.06
  9.79  9.17  8.93 10.33  9.05  8.58  9.65  6.10  6.14  6.34  5.52  6.46  6.36  6.84  7.13  6.20  6.07  6.37  6.74  6.54  5.56  7.34  6.65  6.02  7.31  6.96  6.63  0.00  0.51  0.73  0.75  0.85  0.77  0.50  3.07  2.99  2.19  2.47  2.37  2.21  3.50  1.58  1.26  1.43  1.48  1.54  1.27  1.63  1.65  1.71  1.03  1.19  1.08  7.93  8.59  8.58  9.13  8.63  9.38  8.96  9.90 10.47  8.23  8.93  8.82  9.27  4.54  1.23  0.75  0.98  1.56  1.77  1.14  0.91  1.87  0.80  1.04  1.32  1.25  0.83  1.87  1.95  2.47  1.76  2.26  2.47  2.34  4.83  5.47  6.14  5.67  5.00  5.17  5.35  6.60  4.87  4.74  5.31  3.26  2.88  2.38  2.47  3.33  3.56  2.88  2.98  2.81  3.22  3.98  2.96  3.58  3.69  8.60  8.08  9.17  8.56  7.92  8.08  9.08  6.95  7.79  7.63  8.27  7.86  9.78  9.83  9.87  5.67  3.55  5.19  4.33  4.83  3.94  5.36  4.45  4.90  3.26  8.39  9.54  9.16 10.01  9.89 11.19  8.63  6.64  1.72  4.26  3.85  3.59  4.29  4.05  4.81  3.97  4.49 11.30 10.66 11.22 11.87 11.46 11.33 11.73 12.35  2.97  2.49  4.28  4.06  3.49  3.05  2.61  3.79  3.60  3.27  3.31  3.48  4.60  7.54  7.99  7.75  8.08  7.52  8.64  7.55  8.70  7.95  6.55  4.48  4.50  5.10  4.78 12.65 12.60 12.55  3.04  5.51  5.30  4.43
  9.52  8.92  8.67 10.11  8.79  8.33  9.38  5.73  5.82  6.00  5.14  6.10  6.03  6.45  6.80  5.84  5.73  5.96  6.39  6.22  5.16  7.00  6.32  5.66  6.93  6.63  6.27  0.51  0.00  0.87  0.65  0.36  1.25  0.82  3.31  3.05  2.12  2.58  2.67  2.30  3.64  1.64  0.75  0.97  0.98  1.12  0.87  1.27  1.42  1.62  0.57  0.68  0.56  7.62  8.28  8.29  8.83  8.30  9.08  8.66  9.62 10.20  7.92  8.61  8.50  8.96  4.08  1.73  1.25  1.47  2.04  2.25  1.53  1.42  2.28  1.06  1.55  1.82  1.76  1.32  1.43  1.49  1.96  1.36  1.81  1.96  1.94  4.51  5.13  5.83  5.35  4.69  4.83  5.08  6.30  4.57  4.56  4.98  2.75  2.37  1.94  2.00  2.81  3.24  2.48  2.59  2.42  2.83  3.61  2.71  3.21  3.30  8.25  7.80  8.82  8.22  7.58  7.74  8.73  6.65  7.47  7.30  7.91  7.50  9.43  9.50  9.53  5.25  3.05  4.81  3.91  4.39  3.50  4.93  3.98  4.51  2.80  8.22  9.38  9.15 10.16  9.91 11.23  8.61  6.51  2.19  4.68  4.35  3.87  4.48  4.31  4.45  3.68  4.13 11.01 10.37 10.91 11.54 11.13 10.99 11.41 12.02  3.43  2.99  4.69  4.47  3.94  3.47  3.06  4.25  4.01  3.74  3.74  3.98  5.02  7.32  7.78  7.52  7.88  7.28  8.42  7.35  8.48  7.76  6.30  4.79  4.75  5.37  5.08 12.35 12.32 12.27  2.95  5.40  5.08  4.72
 10.40  9.79  9.55 10.97  9.66  9.20 10.25  6.59  6.70  6.87  6.00  6.97  6.90  7.30  7.67  6.71  6.60  6.80  7.25  7.09  6.01  7.87  7.19  6.52  7.79  7.51  7.14  0.73  0.87  0.00  0.37  1.20  0.82  0.31  2.44  2.27  1.49  1.75  1.80  1.49  2.80  0.85  1.46  1.81  1.52  1.98  1.75  1.29  1.11  1.03  1.02  1.34  1.29  8.49  9.15  9.16  9.71  9.17  9.95  9.53 10.49 11.07  8.80  9.48  9.37  9.83  4.85  1.27  1.15  1.39  1.45  1.65  0.80  1.24  1.53  1.51  1.19  1.65  1.42  1.30  2.28  2.30  2.67  2.22  2.62  2.59  2.80  5.39  6.00  6.71  6.22  5.57  5.70  5.95  7.17  5.45  5.41  5.85  3.39  2.87  2.11  2.31  3.39  4.12  3.33  3.45  3.27  3.69  4.47  3.57  4.07  4.15  9.11  8.68  9.69  9.09  8.45  8.61  9.59  7.52  8.34  8.17  8.77  8.36 10.30 10.37 10.40  6.07  3.74  5.66  4.74  5.19  4.32  5.74  4.76  5.37  3.59  9.06 10.22  9.88 10.72 10.62 11.92  9.35  7.33  2.15  4.75  4.10  3.00  3.62  3.43  5.31  4.56  5.00 11.89 11.25 11.79 12.41 12.00 11.86 12.28 12.89  2.74  2.46  3.89  3.67  3.23  2.70  2.35  3.52  3.21  3.06  2.97  3.41  4.23  8.19  8.64  8.39  8.74  8.15  9.28  8.21  9.35  8.61  7.17  3.92  3.88  4.50  4.22 13.23 13.19 13.14  3.74  6.21  5.94  5.08
 10.14  9.55  9.30 10.75  9.42  8.96 10.00  6.28  6.42  6.58  5.70  6.67  6.61  6.99  7.38  6.41  6.32  6.48  6.95  6.81  5.69  7.59  6.91  6.22  7.47  7.22  6.84  0.75  0.65  0.37  0.00  0.91  1.13  0.57  2.71  2.39  1.48  1.93  2.12  1.65  3.00  0.98  1.12  1.50  1.15  1.69  1.48  0.97  0.90  0.99  0.66  0.98  0.96  8.22  8.87  8.90  9.44  8.88  9.68  9.26 10.23 10.81  8.53  9.20  9.09  9.56  4.49  1.61  1.37  1.61  1.81  2.02  1.17  1.49  1.90  1.53  1.50  1.92  1.73  1.50  1.97  1.97  2.31  1.93  2.29  2.22  2.50  5.11  5.71  6.43  5.94  5.29  5.41  5.71  6.90  5.19  5.21  5.57  3.02  2.50  1.77  1.96  3.02  3.85  3.03  3.15  2.97  3.38  4.17  3.34  3.77  3.84  8.81  8.42  9.39  8.81  8.16  8.32  9.29  7.26  8.07  7.88  8.47  8.06 10.00 10.07 10.10  5.74  3.37  5.35  4.41  4.85  3.98  5.41  4.40  5.06  3.24  8.87 10.03  9.79 10.74 10.55 11.86  9.25  7.16  2.38  4.97  4.41  3.29  3.85  3.71  5.02  4.30  4.70 11.62 10.98 11.51 12.11 11.72 11.57 11.99 12.60  3.11  2.82  4.24  4.03  3.60  3.07  2.72  3.89  3.57  3.43  3.33  3.78  4.59  7.96  8.42  8.16  8.53  7.92  9.06  7.99  9.12  8.41  6.92  4.22  4.14  4.77  4.52 12.96 12.93 12.88  3.60  6.05  5.72  5.18
  9.23  8.64  8.39  9.84  8.51  8.05  9.09  5.39  5.51  5.68  4.81  5.77  5.71  6.11  6.47  5.51  5.41  5.61  6.06  5.90  4.82  6.68  6.00  5.32  6.59  6.32  5.95  0.85  0.36  1.20  0.91  0.00  1.61  1.17  3.62  3.27  2.28  2.84  3.00  2.56  3.90  1.89  0.44  0.62  0.73  0.78  0.57  1.24  1.50  1.80  0.51  0.42  0.27  7.31  7.97  7.99  8.52  7.98  8.77  8.35  9.32  9.90  7.62  8.29  8.18  8.65  3.72  2.08  1.57  1.78  2.40  2.61  1.89  1.74  2.64  1.22  1.89  2.14  2.10  1.62  1.08  1.13  1.61  1.02  1.45  1.63  1.60  4.20  4.81  5.52  5.03  4.38  4.50  4.80  5.99  4.27  4.32  4.66  2.41  2.08  1.79  1.78  2.49  2.94  2.14  2.26  2.08  2.49  3.27  2.44  2.87  2.96  7.92  7.51  8.49  7.90  7.26  7.42  8.39  6.34  7.16  6.98  7.57  7.17  9.11  9.17  9.20  4.89  2.70  4.47  3.55  4.03  3.15  4.57  3.62  4.17  2.44  7.99  9.14  9.01 10.13  9.78 11.12  8.46  6.30  2.46  4.88  4.64  4.19  4.76  4.61  4.12  3.39  3.80 10.71 10.07 10.60 11.21 10.81 10.67 11.09 11.70  3.79  3.34  5.04  4.82  4.31  3.83  3.42  4.61  4.36  4.10  4.10  4.33  5.37  7.06  7.52  7.25  7.63  7.01  8.16  7.09  8.21  7.51  6.01  5.11  5.05  5.68  5.41 12.05 12.01 11.97  2.79  5.20  4.82  4.81
 10.46  9.81  9.59 10.95  9.71  9.23 10.31  6.85  6.85  7.06  6.26  7.19  7.08  7.59  7.85  6.94  6.79  7.13  7.47  7.26  6.31  8.05  7.36  6.76  8.06  7.67  7.36  0.77  1.25  0.82  1.13  1.61  0.00  0.56  2.53  2.73  2.18  2.15  1.78  1.95  3.09  1.45  1.99  2.20  2.16  2.30  2.03  2.09  1.93  1.77  1.67  1.90  1.80  8.63  9.29  9.26  9.82  9.34 10.07  9.65 10.58 11.14  8.92  9.63  9.53  9.97  5.31  0.49  0.48  0.66  0.79  1.00  0.51  0.47  1.14  1.20  0.38  0.85  0.61  0.64  2.64  2.72  3.21  2.52  3.03  3.20  3.11  5.55  6.19  6.85  6.39  5.71  5.90  6.02  7.30  5.57  5.35  6.03  3.99  3.56  2.90  3.07  4.04  4.28  3.64  3.74  3.57  3.97  4.73  3.65  4.33  4.45  9.32  8.76  9.89  9.27  8.64  8.80  9.81  7.64  8.49  8.34  9.00  8.59 10.50 10.55 10.59  6.43  4.30  5.94  5.09  5.60  4.71  6.13  5.21  5.65  4.03  8.96 10.11  9.54 10.18 10.25 11.51  9.04  7.18  1.38  3.97  3.29  2.98  3.79  3.48  5.55  4.67  5.23 11.98 11.35 11.92 12.59 12.16 12.05 12.43 13.06  2.20  1.75  3.54  3.32  2.72  2.30  1.84  3.03  2.86  2.50  2.56  2.73  3.84  8.17  8.61  8.38  8.69  8.15  9.25  8.16  9.33  8.55  7.21  3.84  3.93  4.50  4.13 13.33 13.28 13.22  3.58  6.04  5.93  4.42
